public/data/weather/current/current-temp-surface-level-gfs-1.0.json
{"header": {"discipline":0,"gribEdition":2,"gribLength":47909,"center":7,"subcenter":0,"refTime":"2020-08-05T00:00:00.000Z","significanceOfRT":1,"productStatus":0,"productType":2,"productDefinitionTemplate":0,"parameterCategory":0,"parameterNumber":0,"parameterUnit":"K","genProcessType":0,"forecastTime":0,"surface1Type":1,"surface1Value":0.0,"surface2Type":255,"surface2Value":0.0,"gridDefinitionTemplate":0,"numberPoints":65160,"shape":6,"gridUnits":"degrees","resolution":48,"scanMode":0,"nx":360,"ny":181,"basicAngle":0,"lo1":0.0,"la1":90.0,"lo2":359.0,"la2":-90.0,"dx":1.0,"dy":1.0}, "data":
[rows 104 to 129 of 181, columns 300 to 359 of 360]
294.59775,292.39777,292.09775,293.49774,293.69775,293.29776,293.29776,292.89777,292.19775,292.59775,293.49774,292.69775,292.39777,289.19775,288.49774,288.49774,290.79776,290.79776,292.99774,292.99774,288.49774,294.59775,298.99774,298.99774,298.79776,298.59775,298.49774,298.49774,298.59775,298.59775,298.39777,298.29776,297.89777,297.69775,297.69775,297.49774,297.49774,297.49774,297.49774,297.39777,297.09775,296.69775,296.59775,296.59775,296.69775,296.29776,295.99774,295.99774,295.99774,295.89777,295.69775,295.49774,294.99774,294.99774,295.09775,295.09775,294.79776,294.59775,294.39777,294.29776
294.99774,294.09775,293.19775,296.89777,293.69775,293.09775,290.59775,291.39777,293.29776,293.09775,292.99774,291.49774,287.19775,292.99774,287.99774,289.59775,290.99774,287.29776,287.39777,287.49774,287.59775,294.09775,298.89777,298.79776,298.59775,298.39777,298.29776,298.19775,298.09775,298.09775,298.09775,298.39777,297.79776,297.69775,297.49774,297.19775,297.09775,297.19775,297.19775,297.19775,296.89777,296.59775,296.49774,296.39777,296.29776,296.09775,295.99774,296.09775,295.59775,295.49774,295.39777,295.19775,294.69775,294.69775,294.89777,294.59775,294.39777,293.99774,293.79776,293.79776
295.39777,295.19775,294.69775,295.59775,296.19775,290.99774,293.09775,290.19775,292.49774,292.09775,289.69775,288.69775,285.89777,287.19775,288.69775,291.79776,287.79776,287.39777,286.09775,287.39777,289.19775,291.69775,298.49774,298.49774,298.39777,298.19775,298.09775,297.89777,297.69775,297.79776,297.79776,297.69775,297.59775,297.49774,297.29776,297.09775,296.99774,296.89777,296.69775,296.59775,296.59775,296.19775,296.29776,296.19775,295.99774,295.79776,295.69775,295.69775,295.29776,295.09775,294.89777,294.69775,294.39777,294.49774,294.39777,294.09775,294.09775,293.89777,293.49774,293.49774
295.39777,295.69775,297.19775,297.19775,295.89777,294.89777,291.49774,289.39777,289.79776,289.59775,289.79776,288.19775,285.59775,286.79776,288.69775,288.99774,286.59775,286.69775,288.39777,288.79776,288.49774,297.79776,298.29776,298.29776,298.19775,297.99774,297.79776,297.59775,297.39777,297.39777,297.39777,297.29776,297.19775,297.19775,296.89777,296.69775,296.69775,296.49774,296.19775,296.39777,296.49774,295.99774,295.79776,295.79776,295.69775,295.49774,295.19775,294.99774,294.99774,294.79776,294.69775,294.49774,294.29776,294.19775,293.99774,293.89777,293.79776,293.69775,293.59775,293.39777
293.39777,293.99774,293.19775,297.29776,294.99774,294.69775,293.19775,288.89777,288.69775,289.09775,290.59775,287.49774,286.29776,285.69775,287.49774,289.49774,286.89777,283.99774,289.19775,289.49774,290.59775,297.49774,297.89777,298.09775,297.99774,297.79776,297.59775,297.39777,297.39777,297.29776,297.09775,296.99774,296.89777,296.89777,296.49774,296.49774,296.49774,296.19775,296.09775,296.09775,296.19775,295.99774,295.69775,295.49774,295.49774,295.29776,294.99774,294.79776,294.69775,294.79776,294.69775,294.49774,294.39777,294.29776,293.99774,293.69775,293.49774,293.69775,293.79776,293.29776
295.59775,294.99774,295.59775,295.79776,295.09775,293.59775,294.09775,290.59775,290.39777,291.09775,288.79776,288.19775,287.19775,285.59775,285.79776,289.69775,286.09775,284.29776,291.99774,286.89777,292.29776,297.69775,297.79776,297.79776,297.49774,297.39777,297.19775,297.09775,297.09775,297.19775,296.89777,296.69775,296.59775,296.59775,296.29776,296.29776,296.39777,296.19775,296.09775,295.89777,295.89777,295.79776,295.69775,295.39777,295.29776,295.19775,294.99774,294.79776,294.49774,294.49774,294.49774,294.29776,294.39777,294.49774,293.99774,293.59775,293.39777,293.39777,293.19775,292.79776
297.39777,296.69775,295.99774,293.99774,294.69775,292.99774,290.99774,291.49774,290.79776,290.79776,290.89777,289.99774,290.09775,284.89777,286.89777,284.69775,289.19775,285.89777,284.19775,285.09775,296.99774,297.69775,297.99774,297.99774,297.39777,297.09775,296.69775,296.89777,297.09775,297.09775,296.99774,296.79776,296.69775,296.49774,296.39777,296.29776,296.29776,296.09775,295.89777,295.69775,295.59775,295.59775,295.39777,295.29776,295.19775,295.09775,294.99774,294.79776,294.39777,294.29776,294.29776,294.29776,294.19775,294.09775,293.59775,293.39777,293.19775,292.99774,292.89777,292.69775
296.69775,295.99774,295.09775,295.49774,294.59775,293.29776,291.39777,290.69775,291.09775,290.29776,289.79776,287.99774,289.59775,285.79776,285.39777,285.39777,282.29776,284.89777,286.69775,289.89777,297.09775,297.49774,297.59775,297.59775,297.09775,296.79776,296.69775,296.59775,296.79776,296.89777,296.89777,296.69775,296.39777,296.19775,296.39777,296.19775,296.09775,295.79776,295.69775,295.59775,295.49774,295.39777,295.39777,295.29776,295.09775,294.99774,294.99774,294.89777,294.49774,294.19775,294.09775,294.09775,293.89777,293.69775,293.39777,293.29776,293.19775,292.99774,292.99774,292.69775
298.29776,295.49774,294.89777,293.79776,295.69775,291.29776,290.99774,290.69775,290.89777,290.89777,289.09775,288.89777,287.49774,285.79776,282.79776,283.09775,282.29776,286.69775,285.49774,293.09775,296.79776,296.99774,296.99774,297.29776,296.89777,296.39777,296.29776,296.09775,296.09775,296.29776,296.39777,296.49774,296.09775,295.89777,295.99774,295.89777,295.99774,295.79776,295.59775,295.69775,295.49774,295.39777,295.39777,295.29776,295.19775,294.89777,294.89777,294.79776,294.19775,293.89777,293.79776,293.79776,293.69775,293.49774,293.19775,293.19775,293.09775,292.99774,292.79776,292.39777
296.89777,294.89777,295.79776,293.89777,292.19775,291.09775,290.89777,290.59775,289.39777,288.09775,289.09775,286.89777,288.39777,287.89777,283.49774,282.59775,293.09775,294.19775,294.99774,295.99774,296.89777,296.59775,296.49774,296.69775,296.59775,296.19775,296.09775,295.89777,295.69775,295.49774,295.59775,296.19775,295.89777,295.59775,295.49774,295.49774,295.49774,295.29776,295.09775,295.29776,295.39777,295.19775,295.19775,295.09775,294.89777,294.69775,294.69775,294.39777,293.99774,293.69775,293.49774,293.49774,293.49774,293.29776,292.99774,292.89777,292.79776,292.69775,292.49774,292.49774
295.79776,295.59775,294.79776,295.09775,292.69775,290.59775,290.79776,288.39777,287.79776,285.29776,285.79776,284.79776,284.99774,285.39777,294.79776,294.99774,295.09775,295.69775,295.79776,296.59775,296.39777,296.19775,295.99774,295.99774,295.79776,295.59775,295.99774,295.89777,295.39777,295.29776,295.39777,295.69775,295.39777,294.89777,294.99774,295.19775,294.99774,294.69775,294.49774,294.59775,294.79776,294.79776,294.69775,294.69775,294.39777,294.19775,294.09775,293.99774,293.99774,293.79776,293.59775,293.59775,293.59775,293.29776,292.89777,292.69775,292.59775,292.49774,292.39777,292.39777
295.99774,294.99774,293.79776,294.29776,291.19775,290.39777,288.89777,286.79776,284.59775,285.99774,284.19775,283.49774,289.09775,293.59775,294.09775,295.19775,296.09775,296.19775,296.19775,295.99774,295.99774,295.69775,295.49774,295.69775,295.49774,295.19775,295.29776,295.19775,294.69775,294.79776,295.09775,295.29776,294.79776,294.39777,294.39777,294.59775,294.69775,294.39777,294.39777,294.19775,294.09775,294.19775,294.29776,294.39777,294.19775,293.69775,293.49774,293.69775,293.79776,293.89777,293.79776,293.69775,293.49774,293.19775,292.69775,292.49774,292.29776,292.19775,292.09775,291.59775
295.49774,294.69775,293.79776,292.99774,292.39777,288.99774,288.69775,284.39777,283.29776,283.09775,283.39777,283.69775,292.29776,292.79776,294.19775,295.59775,295.79776,295.89777,295.69775,294.99774,294.69775,294.99774,295.09775,295.39777,294.89777,294.69775,294.49774,293.69775,294.19775,294.59775,294.79776,294.69775,294.19775,294.09775,293.99774,293.99774,294.29776,294.49774,294.49774,293.89777,293.59775,293.59775,293.99774,294.09775,293.99774,293.79776,293.59775,293.49774,293.29776,293.69775,293.69775,293.49774,293.19775,292.79776,292.39777,292.09775,291.89777,291.79776,291.69775,291.49774
295.59775,293.99774,291.69775,291.59775,291.19775,290.19775,287.89777,286.69775,284.79776,282.79776,282.99774,285.49774,291.79776,293.99774,295.09775,295.29776,294.89777,294.69775,294.79776,294.09775,293.49774,293.69775,294.19775,294.19775,293.19775,293.09775,293.49774,293.19775,293.59775,294.59775,294.49774,294.09775,293.69775,293.59775,293.79776,293.69775,293.79776,294.09775,294.09775,293.49774,293.29776,293.09775,293.19775,293.29776,293.59775,292.99774,292.89777,292.69775,292.59775,292.99774,293.39777,293.49774,292.99774,292.39777,291.89777,291.79776,291.59775,291.59775,291.69775,291.39777
296.79776,293.29776,291.89777,291.19775,290.79776,290.29776,288.29776,286.09775,284.09775,282.09775,279.29776,284.79776,291.69775,294.89777,294.09775,293.89777,293.89777,293.89777,293.89777,293.49774,293.49774,293.19775,293.19775,292.79776,291.59775,291.89777,292.79776,293.09775,293.39777,294.09775,294.19775,293.69775,293.19775,293.09775,293.19775,292.99774,292.49774,292.79776,293.59775,293.29776,292.79776,292.89777,292.69775,292.09775,291.99774,291.69775,291.99774,292.39777,292.29776,292.19775,292.49774,293.09775,292.99774,292.59775,292.09775,291.89777,291.79776,291.99774,291.79776,290.99774
295.29776,293.49774,291.59775,290.89777,290.29776,288.99774,287.49774,287.49774,284.99774,283.29776,285.09775,289.99774,292.79776,294.99774,293.89777,293.59775,293.69775,293.49774,292.99774,292.69775,292.89777,293.09775,292.69775,292.19775,291.79776,291.99774,292.59775,292.39777,293.09775,293.69775,293.39777,292.59775,292.69775,292.49774,291.79776,291.39777,291.59775,291.99774,292.69775,292.49774,292.29776,292.39777,292.19775,291.79776,291.59775,291.69775,291.79776,292.09775,291.89777,291.69775,291.79776,291.99774,292.29776,292.29776,292.09775,291.99774,291.79776,291.69775,291.29776,290.69775
292.89777,292.49774,290.59775,290.39777,289.49774,289.99774,289.69775,288.69775,287.39777,292.89777,288.49774,290.69775,293.89777,294.49774,293.59775,293.19775,292.69775,292.29776,292.39777,292.39777,292.49774,292.09775,291.99774,291.59775,291.19775,291.49774,291.69775,291.59775,291.69775,291.89777,291.79776,291.69775,291.79776,291.59775,290.99774,290.89777,290.59775,290.79776,291.49774,291.89777,291.99774,292.09775,291.99774,291.59775,291.19775,291.19775,291.09775,291.19775,291.49774,291.59775,291.59775,291.49774,291.49774,291.49774,291.39777,291.39777,291.39777,291.09775,290.89777,290.79776
293.09775,291.29776,292.09775,289.99774,288.59775,288.19775,287.19775,286.19775,287.29776,287.99774,288.89777,292.29776,293.99774,293.89777,293.09775,292.49774,291.39777,291.29776,291.79776,291.99774,291.99774,291.49774,291.09775,290.59775,290.39777,290.79776,291.09775,290.99774,290.79776,290.69775,290.79776,291.09775,291.49774,291.19775,290.89777,290.89777,290.89777,290.59775,290.69775,290.69775,290.89777,291.79776,292.09775,291.29776,290.99774,290.79776,290.19775,290.19775,290.49774,290.79776,290.99774,291.19775,291.19775,291.19775,291.39777,291.39777,291.09775,290.59775,290.69775,290.79776
291.49774,290.89777,290.59775,289.69775,288.79776,288.19775,286.79776,286.99774,287.09775,288.19775,290.89777,292.59775,293.29776,293.29776,292.69775,292.09775,290.89777,290.39777,290.79776,290.89777,291.39777,291.39777,291.09775,290.19775,289.99774,290.49774,290.69775,290.59775,290.49774,290.29776,290.19775,290.39777,290.59775,290.89777,291.29776,290.79776,290.49774,290.39777,290.19775,289.79776,289.49774,290.39777,290.99774,290.79776,290.99774,290.89777,290.19775,289.79776,289.69775,290.09775,290.49774,290.69775,290.49774,290.49774,291.49774,291.79776,290.89777,290.29776,290.29776,289.99774
293.09775,290.29776,289.99774,288.99774,288.49774,287.49774,287.89777,287.59775,286.59775,288.79776,292.19775,292.59775,292.39777,292.19775,291.09775,290.69775,290.39777,289.79776,289.89777,290.29776,290.69775,290.69775,290.09775,289.89777,289.79776,290.29776,290.49774,289.99774,289.69775,289.29776,288.99774,288.99774,289.09775,289.39777,290.29776,289.89777,289.29776,289.39777,289.49774,289.39777,289.09775,289.39777,289.89777,289.99774,290.29776,290.29776,289.79776,289.39777,289.49774,289.99774,290.09775,289.79776,289.49774,289.49774,290.09775,290.09775,289.99774,289.59775,289.69775,288.89777
291.09775,292.19775,289.89777,288.79776,288.59775,287.69775,286.59775,284.89777,286.59775,290.79776,291.69775,290.99774,290.39777,290.49774,289.49774,289.69775,289.99774,289.69775,289.39777,289.39777,289.79776,289.69775,289.09775,288.99774,288.89777,289.29776,289.79776,289.29776,288.49774,288.19775,288.39777,288.29776,288.09775,287.79776,287.89777,287.99774,287.89777,287.99774,288.39777,288.49774,288.39777,288.79776,289.19775,289.49774,289.39777,289.29776,288.89777,288.59775,288.49774,289.09775,289.29776,289.29776,288.89777,288.69775,288.39777,287.39777,287.99774,288.99774,288.79776,288.39777
292.39777,289.79776,291.59775,284.19775,284.49774,284.69775,284.39777,284.89777,288.39777,290.79776,290.49774,290.09775,289.49774,289.79776,289.99774,290.09775,289.49774,288.99774,288.89777,288.69775,288.79776,288.59775,288.39777,288.09775,287.79776,288.29776,288.69775,288.39777,287.99774,288.09775,287.99774,287.89777,287.59775,287.29776,287.29776,287.29776,287.29776,287.39777,287.59775,287.79776,287.59775,287.49774,287.69775,288.49774,288.89777,288.69775,288.29776,288.09775,288.09775,287.89777,287.69775,288.49774,288.69775,288.69775,288.59775,287.59775,287.39777,288.59775,288.69775,287.89777
291.89777,288.99774,288.29776,283.69775,284.39777,284.59775,283.59775,286.39777,289.59775,289.79776,289.49774,289.49774,289.49774,289.79776,289.99774,289.39777,288.49774,288.09775,288.29776,288.29776,288.09775,288.09775,287.99774,287.99774,287.79776,287.79776,287.89777,287.69775,287.49774,287.49774,287.49774,287.59775,287.49774,287.09775,286.89777,286.89777,286.79776,286.89777,286.99774,287.19775,287.19775,286.89777,286.79776,287.19775,287.59775,287.39777,287.29776,286.99774,287.29776,287.09775,286.69775,287.19775,287.29776,287.09775,287.19775,286.79776,287.09775,287.79776,287.99774,286.89777
290.29776,288.09775,287.59775,287.29776,283.89777,283.19775,284.49774,287.89777,288.89777,288.79776,288.69775,288.79776,289.09775,289.29776,288.69775,287.99774,287.79776,287.89777,287.99774,287.79776,287.79776,287.69775,287.69775,287.99774,287.89777,287.69775,287.39777,287.29776,287.09775,287.19775,287.29776,287.29776,287.19775,286.89777,286.59775,286.29776,286.19775,286.39777,286.49774,286.29776,286.29776,286.49774,286.39777,286.29776,286.39777,286.49774,286.29776,286.09775,285.99774,285.79776,286.19775,286.69775,285.99774,285.39777,286.19775,286.89777,286.79776,286.39777,286.19775,285.59775
289.59775,289.79776,287.29776,283.89777,282.89777,282.69775,285.49774,287.99774,288.49774,288.49774,288.39777,288.29776,288.89777,288.79776,288.09775,287.59775,287.89777,287.99774,287.59775,287.09775,287.29776,287.39777,287.39777,287.29776,287.39777,287.39777,287.59775,287.39777,286.99774,286.99774,286.99774,286.89777,286.39777,286.09775,286.19775,286.29776,285.99774,285.79776,285.69775,285.49774,285.49774,285.69775,285.59775,285.69775,285.89777,285.99774,285.89777,285.39777,285.29776,285.49774,285.79776,285.79776,285.19775,284.99774,285.39777,285.59775,285.09775,284.29776,284.09775,284.19775
282.49774,282.99774,282.99774,282.19775,281.19775,281.09775,284.49774,287.09775,287.89777,288.29776,288.39777,287.99774,288.49774,288.89777,288.79776,288.09775,287.89777,287.69775,287.39777,286.89777,286.99774,287.49774,287.49774,286.69775,286.19775,286.29776,287.29776,287.59775,287.19775,286.99774,287.19775,287.09775,286.49774,286.09775,285.89777,285.69775,285.29776,284.89777,284.99774,285.19775,285.19775,285.29776,285.09775,285.19775,285.09775,284.89777,285.19775,285.09775,285.09775,285.19775,284.89777,284.29776,284.19775,284.39777,284.19775,283.79776,283.59775,283.29776,283.29776,283.19775
