public/data/weather/current/current-temp-surface-level-gfs-1.0.json
{"header": {"discipline":0,"gribEdition":2,"gribLength":47909,"center":7,"subcenter":0,"refTime":"2020-08-05T00:00:00.000Z","significanceOfRT":1,"productStatus":0,"productType":2,"productDefinitionTemplate":0,"parameterCategory":0,"parameterNumber":0,"parameterUnit":"K","genProcessType":0,"forecastTime":0,"surface1Type":1,"surface1Value":0.0,"surface2Type":255,"surface2Value":0.0,"gridDefinitionTemplate":0,"numberPoints":65160,"shape":6,"gridUnits":"degrees","resolution":48,"scanMode":0,"nx":360,"ny":181,"basicAngle":0,"lo1":0.0,"la1":90.0,"lo2":359.0,"la2":-90.0,"dx":1.0,"dy":1.0}, "data":
[rows 52 to 77 of 181, columns 0 to 59 of 360]
299.39777,298.99774,298.89777,298.79776,299.09775,299.09775,299.09775,299.09775,299.29776,299.09775,298.89777,299.09775,299.49774,291.99774,295.19775,288.09775,293.29776,299.69775,299.49774,299.09775,298.69775,298.69775,289.89777,295.79776,296.39777,296.59775,295.79776,294.49774,288.69775,293.49774,288.19775,291.09775,286.39777,285.89777,285.69775,279.09775,286.69775,284.69775,286.99774,294.99774,296.09775,297.39777,294.09775,284.89777,283.89777,289.19775,290.39777,287.19775,284.09775,301.19775,300.39777,300.39777,300.89777,300.99774,296.79776,296.99774,295.59775,291.39777,292.69775,297.49774
299.09775,299.09775,299.09775,298.79776,299.09775,299.29776,299.09775,299.29776,299.49774,293.19775,295.39777,297.49774,299.09775,298.49774,297.99774,293.89777,299.79776,300.09775,299.69775,299.49774,299.19775,298.99774,296.89777,294.29776,297.49774,296.89777,296.49774,297.29776,297.09775,292.59775,287.59775,295.29776,281.79776,282.99774,282.09775,294.49774,295.99774,291.39777,295.39777,295.99774,296.79776,296.69775,297.99774,294.59775,291.09775,285.69775,289.99774,284.19775,289.19775,287.99774,287.29776,301.29776,301.69775,301.49774,301.69775,295.99774,288.49774,293.39777,286.69775,284.29776
298.89777,294.69775,290.29776,293.09775,293.19775,292.29776,292.09775,291.29776,292.39777,290.99774,295.79776,299.89777,299.59775,299.29776,299.39777,299.49774,299.99774,300.09775,299.89777,299.69775,299.69775,299.59775,299.59775,299.19775,298.99774,298.59775,297.69775,298.39777,299.49774,301.19775,301.89777,301.89777,301.99774,301.49774,301.79776,301.89777,295.99774,295.79776,297.69775,297.29776,296.59775,296.59775,299.39777,302.69775,296.59775,293.09775,285.79776,281.69775,285.69775,285.69775,288.59775,290.89777,281.49774,287.09775,291.79776,294.69775,290.79776,294.79776,291.39777,288.19775
294.69775,295.39777,293.29776,294.79776,293.79776,297.79776,295.79776,294.49774,294.39777,296.59775,296.89777,299.49774,300.49774,299.99774,299.99774,299.99774,300.09775,300.19775,300.09775,299.99774,300.09775,300.09775,299.49774,298.69775,299.09775,293.49774,297.69775,299.39777,299.39777,299.39777,300.99774,301.49774,301.69775,290.99774,299.29776,301.29776,297.19775,293.79776,291.19775,296.99774,296.49774,298.59775,298.19775,301.09775,301.89777,296.09775,290.29776,283.99774,282.19775,287.89777,289.59775,296.59775,295.19775,296.99774,296.29776,297.79776,295.39777,295.09775,293.59775,291.29776
296.79776,295.99774,294.39777,297.99774,300.49774,302.19775,302.19775,300.79776,300.69775,299.09775,300.09775,300.69775,300.19775,300.19775,300.39777,300.19775,300.19775,300.29776,300.29776,300.19775,300.29776,300.29776,299.79776,298.99774,299.49774,299.99774,300.69775,299.79776,298.79776,298.99774,299.79776,300.79776,301.19775,301.09775,301.09775,301.59775,284.29776,290.19775,293.19775,293.29776,295.69775,297.39777,299.09775,302.09775,302.49774,300.69775,288.89777,286.09775,281.49774,282.59775,290.49774,286.59775,292.79776,294.09775,295.29776,292.09775,296.79776,292.09775,289.79776,286.49774
297.99774,299.69775,300.29776,300.79776,300.79776,301.89777,301.29776,299.69775,298.69775,297.79776,295.69775,297.19775,299.29776,300.29776,300.49774,300.49774,300.29776,300.29776,300.29776,300.29776,300.29776,300.39777,300.39777,299.49774,299.49774,299.99774,300.69775,300.59775,299.69775,299.39777,300.09775,300.39777,300.89777,301.39777,301.59775,302.09775,291.19775,294.59775,291.99774,291.89777,295.29776,297.49774,299.69775,301.69775,301.29776,300.99774,301.89777,294.79776,292.39777,291.59775,284.19775,291.29776,289.19775,288.89777,292.49774,293.79776,294.09775,293.79776,293.49774,287.69775
301.09775,301.89777,301.79776,298.29776,301.49774,302.39777,302.59775,303.89777,300.29776,298.99774,296.49774,295.79776,294.39777,294.69775,293.69775,294.59775,300.49774,300.19775,300.19775,300.09775,299.89777,290.59775,292.99774,291.69775,293.69775,298.69775,300.49774,300.99774,300.39777,300.09775,300.19775,300.29776,300.59775,301.19775,301.79776,292.99774,289.99774,293.99774,293.49774,292.49774,294.29776,297.29776,300.09775,299.79776,301.69775,301.89777,301.49774,303.49774,302.39777,297.29776,292.79776,284.09775,286.79776,292.59775,291.59775,295.69775,291.29776,294.09775,295.79776,293.69775
303.69775,302.29776,301.49774,298.99774,301.99774,303.39777,303.59775,302.19775,302.29776,300.19775,300.39777,297.79776,297.99774,298.29776,299.29776,298.19775,298.09775,297.49774,300.19775,299.89777,299.49774,296.09775,295.29776,294.59775,294.69775,293.79776,292.99774,293.79776,296.29776,300.49774,294.39777,292.39777,292.39777,298.09775,297.69775,291.49774,288.99774,292.19775,294.09775,293.39777,295.09775,298.69775,300.09775,299.79776,297.79776,300.99774,301.09775,302.29776,301.89777,301.29776,297.79776,284.29776,283.89777,288.99774,295.69775,289.49774,290.59775,287.19775,298.89777,296.59775
305.69775,302.99774,299.79776,301.99774,302.79776,302.39777,303.19775,303.29776,302.29776,300.89777,299.09775,297.29776,298.39777,297.29776,296.29776,298.79776,299.39777,297.39777,296.39777,294.49774,298.09775,297.69775,296.09775,295.69775,295.79776,294.79776,295.19775,297.19775,297.39777,293.79776,291.79776,292.49774,290.19775,288.59775,289.69775,291.89777,290.39777,289.99774,293.59775,294.99774,298.29776,298.39777,299.69775,298.79776,298.39777,299.49774,300.09775,301.09775,301.19775,305.79776,306.19775,297.29776,289.59775,288.69775,288.59775,294.39777,288.89777,289.49774,298.59775,300.09775
305.09775,303.59775,302.49774,300.69775,303.19775,301.89777,302.89777,302.49774,302.89777,301.19775,299.69775,297.79776,293.99774,294.49774,299.09775,298.99774,299.99774,297.19775,298.19775,297.19775,295.59775,297.79776,297.49774,297.49774,297.49774,298.49774,298.69775,298.89777,297.79776,296.89777,295.59775,295.19775,294.49774,298.99774,286.69775,289.59775,295.29776,292.79776,293.69775,294.89777,294.99774,296.79776,298.49774,299.79776,299.09775,298.69775,299.29776,300.49774,302.19775,306.09775,306.59775,298.69775,300.99774,289.79776,295.09775,293.39777,293.89777,293.89777,285.69775,300.89777
305.69775,304.89777,304.09775,301.69775,301.29776,300.39777,302.89777,301.79776,300.59775,303.89777,299.49774,299.39777,296.89777,296.59775,296.79776,299.49774,300.39777,299.19775,297.19775,296.79776,297.79776,298.19775,299.39777,299.59775,299.69775,299.89777,299.79776,299.19775,298.49774,297.69775,298.79776,298.89777,296.39777,296.09775,296.29776,302.99774,294.19775,294.19775,293.69775,292.49774,294.19775,295.79776,296.59775,297.19775,298.39777,299.09775,300.09775,300.49774,302.09775,305.99774,306.39777,306.99774,299.29776,305.29776,303.79776,304.39777,301.79776,301.29776,300.19775,297.19775
306.49774,304.29776,303.09775,302.59775,302.59775,300.89777,300.29776,300.99774,304.19775,300.99774,300.89777,300.29776,299.29776,297.99774,298.79776,299.19775,299.79776,302.69775,297.49774,297.79776,298.69775,299.89777,299.99774,299.99774,299.29776,300.19775,299.79776,299.79776,300.89777,299.79776,299.29776,299.09775,298.19775,297.19775,302.09775,302.79776,298.39777,293.59775,293.99774,293.69775,293.39777,293.09775,294.29776,296.39777,297.39777,297.59775,299.49774,301.49774,301.79776,301.39777,306.09775,306.39777,306.59775,306.69775,302.09775,303.79776,304.69775,303.19775,297.79776,297.99774
302.49774,304.19775,306.69775,305.09775,303.29776,300.39777,299.69775,297.69775,297.99774,297.29776,297.49774,299.39777,296.49774,296.49774,299.69775,300.99774,299.29776,298.69775,297.59775,297.29776,299.29776,299.89777,300.79776,300.49774,300.49774,299.59775,299.69775,300.59775,302.09775,301.19775,299.69775,299.49774,299.99774,299.09775,296.59775,302.49774,303.59775,295.99774,294.69775,297.59775,292.59775,295.99774,296.59775,296.39777,298.09775,297.49774,299.09775,299.79776,299.59775,300.59775,303.89777,306.09775,306.49774,306.49774,306.09775,305.59775,304.99774,304.69775,300.39777,304.69775
307.79776,307.39777,307.09775,306.49774,300.19775,300.59775,299.69775,297.79776,299.19775,300.09775,298.19775,296.49774,295.79776,297.79776,298.89777,299.59775,300.19775,299.09775,297.99774,298.49774,299.29776,300.39777,300.49774,300.59775,300.69775,300.49774,300.09775,303.59775,302.69775,301.79776,301.19775,301.79776,298.79776,303.79776,298.39777,302.49774,303.49774,303.99774,299.19775,302.49774,298.69775,296.69775,297.29776,294.89777,296.49774,299.49774,298.79776,299.29776,299.79776,298.69775,301.99774,300.69775,306.79776,306.69775,306.39777,305.49774,300.69775,304.69775,304.29776,303.29776
307.89777,306.19775,303.99774,301.99774,301.29776,300.19775,297.29776,294.79776,296.89777,301.09775,295.79776,297.19775,294.99774,298.39777,298.59775,298.49774,298.19775,298.89777,299.69775,300.19775,299.09775,301.69775,300.69775,301.69775,303.19775,303.79776,298.19775,302.49774,304.19775,302.49774,303.39777,302.89777,301.29776,301.99774,300.49774,298.29776,303.49774,303.89777,303.09775,300.09775,297.29776,298.29776,297.89777,297.49774,297.29776,298.39777,299.49774,298.79776,300.09775,300.29776,299.79776,300.99774,305.69775,299.19775,298.29776,300.99774,305.49774,303.69775,303.69775,302.99774
305.59775,304.79776,304.69775,303.19775,301.49774,300.69775,299.89777,299.49774,296.99774,300.89777,299.39777,297.79776,296.19775,297.69775,297.99774,299.89777,297.79776,299.29776,300.89777,298.19775,298.29776,299.99774,300.69775,301.39777,303.49774,303.29776,297.09775,304.19775,305.89777,305.09775,305.79776,307.39777,306.19775,303.89777,302.89777,301.19775,303.79776,303.69775,303.69775,299.39777,294.39777,299.99774,302.39777,298.79776,299.89777,303.59775,302.89777,299.79776,301.59775,299.19775,301.79776,305.19775,302.59775,305.59775,303.59775,306.59775,306.29776,305.49774,304.29776,302.79776
305.59775,304.49774,303.49774,302.99774,304.89777,301.99774,301.49774,303.89777,301.89777,301.19775,304.89777,299.79776,301.59775,298.89777,300.89777,302.09775,298.09775,298.29776,301.99774,295.29776,301.19775,302.39777,300.49774,301.79776,305.29776,307.29776,300.29776,302.79776,307.29776,306.49774,306.79776,306.89777,306.29776,306.79776,305.19775,303.49774,304.09775,303.49774,303.39777,301.69775,299.89777,298.19775,300.59775,302.99774,300.49774,304.59775,301.19775,300.19775,302.29776,304.19775,305.59775,306.99774,306.09775,309.59775,309.49774,308.89777,306.89777,308.69775,306.99774,306.79776
305.39777,304.99774,302.89777,301.19775,302.19775,302.59775,302.89777,303.99774,301.69775,301.59775,305.49774,302.89777,303.29776,303.59775,304.19775,306.69775,304.59775,296.69775,302.09775,303.39777,302.09775,302.29776,301.09775,302.39777,302.89777,305.19775,304.79776,306.89777,308.29776,307.89777,307.59775,306.89777,304.79776,304.89777,304.09775,301.89777,303.49774,305.69775,303.39777,302.79776,301.69775,296.99774,299.79776,304.19775,305.09775,306.19775,303.49774,303.59775,302.19775,306.89777,308.19775,307.99774,310.09775,311.39777,308.79776,309.69775,309.59775,308.49774,305.89777,298.99774
303.69775,302.09775,301.19775,301.49774,303.19775,304.79776,305.19775,305.69775,302.79776,300.69775,303.59775,302.79776,302.39777,303.99774,303.29776,306.89777,307.29776,306.09775,303.79776,303.29776,303.99774,303.49774,304.69775,301.89777,303.49774,304.09775,305.69775,305.49774,306.79776,306.69775,306.49774,305.39777,304.09775,304.39777,303.59775,301.49774,300.49774,304.49774,303.09775,302.79776,302.19775,300.39777,296.09775,300.69775,303.69775,305.79776,307.09775,306.09775,306.69775,308.29776,308.39777,308.89777,312.09775,311.09775,311.39777,309.99774,307.99774,305.99774,298.09775,299.09775
301.49774,301.89777,300.49774,300.89777,303.39777,304.59775,306.79776,306.29776,304.39777,299.19775,302.59775,301.19775,302.79776,304.49774,303.19775,305.49774,306.59775,305.49774,302.79776,303.19775,303.49774,301.99774,301.69775,301.39777,299.39777,304.59775,305.39777,303.99774,305.19775,305.59775,305.29776,304.99774,302.49774,302.69775,302.59775,300.89777,298.49774,298.39777,302.49774,302.49774,302.49774,302.59775,298.99774,296.49774,297.99774,303.99774,304.99774,306.29776,306.89777,307.49774,308.69775,309.69775,311.29776,310.49774,310.19775,308.19775,306.79776,300.99774,297.39777,299.49774
300.59775,300.59775,300.99774,302.09775,303.09775,303.89777,305.19775,305.69775,302.89777,299.09775,304.89777,305.19775,305.29776,304.39777,305.59775,306.29776,306.29776,303.79776,301.39777,302.59775,301.39777,300.69775,301.59775,300.19775,300.39777,303.29776,304.69775,304.69775,303.49774,303.89777,304.19775,303.69775,302.79776,302.09775,301.99774,299.59775,297.59775,295.99774,298.69775,302.59775,302.59775,302.59775,302.09775,293.29776,296.99774,303.29776,304.39777,306.49774,305.49774,306.29776,305.49774,306.49774,304.99774,308.49774,304.29776,304.99774,299.19775,295.99774,298.19775,299.19775
300.79776,302.19775,301.89777,301.99774,303.79776,302.39777,303.89777,304.89777,304.29776,303.69775,303.79776,304.09775,303.89777,302.99774,304.59775,303.99774,304.09775,302.49774,303.49774,304.99774,302.19775,299.89777,297.89777,295.59775,301.29776,303.29776,304.19775,304.29776,304.09775,304.19775,302.59775,299.99774,300.99774,300.59775,300.39777,299.29776,297.79776,295.69775,296.09775,303.29776,303.09775,302.89777,302.79776,300.59775,291.79776,300.09775,304.29776,302.69775,302.49774,301.79776,301.09775,301.59775,300.99774,305.19775,299.49774,299.09775,297.09775,297.69775,298.39777,298.99774
302.29776,300.89777,301.79776,301.79776,302.49774,301.59775,301.49774,300.29776,301.69775,302.29776,303.09775,302.99774,303.29776,302.19775,301.89777,301.99774,302.49774,302.69775,302.29776,302.49774,301.59775,300.19775,297.59775,296.69775,297.79776,300.59775,300.69775,302.19775,302.99774,303.59775,301.29776,298.89777,300.59775,298.49774,298.09775,297.39777,296.29776,295.89777,292.89777,301.69775,303.79776,303.69775,303.59775,300.99774,289.49774,298.89777,299.69775,301.59775,299.09775,302.29776,304.39777,301.79776,305.19775,298.09775,298.59775,298.89777,298.99774,298.79776,298.69775,298.79776
300.29776,301.39777,301.59775,301.19775,299.59775,298.99774,298.29776,300.39777,300.79776,301.09775,301.49774,301.89777,300.09775,299.69775,301.19775,301.99774,302.69775,303.49774,302.49774,300.99774,299.99774,298.89777,294.29776,296.59775,295.99774,297.39777,298.49774,300.49774,301.69775,302.49774,300.59775,298.29776,299.49774,297.49774,296.69775,295.29776,295.59775,292.99774,292.99774,289.79776,302.19775,304.19775,304.09775,301.89777,293.89777,297.09775,301.69775,300.39777,295.49774,297.79776,302.49774,298.09775,298.09775,298.29776,298.19775,298.99774,299.29776,298.89777,298.69775,298.59775
298.79776,299.29776,298.79776,299.79776,299.49774,298.19775,299.19775,298.99774,299.49774,299.39777,298.39777,297.59775,298.29776,300.09775,298.69775,300.29776,300.29776,300.79776,300.39777,298.89777,298.09775,296.49774,294.49774,296.09775,295.49774,296.39777,299.99774,300.49774,300.59775,300.09775,299.29776,297.59775,297.39777,296.39777,295.69775,294.89777,293.79776,290.99774,291.19775,288.29776,297.89777,300.09775,304.19775,303.49774,294.09775,295.69775,296.39777,298.19775,301.29776,299.39777,298.99774,299.39777,299.39777,299.19775,299.09775,299.09775,298.79776,298.49774,298.39777,298.39777
296.69775,296.99774,297.29776,296.99774,298.19775,296.99774,296.89777,296.69775,297.39777,298.09775,298.49774,297.49774,298.49774,297.89777,298.59775,300.49774,297.89777,297.99774,298.99774,298.49774,296.79776,295.69775,294.79776,294.69775,292.29776,297.89777,299.69775,299.89777,299.49774,298.79776,297.09775,295.99774,296.99774,295.19775,294.39777,293.29776,292.19775,290.39777,285.09775,290.69775,295.39777,304.69775,300.79776,303.39777,300.29776,304.49774,301.69775,301.59775,300.89777,300.49774,300.49774,301.09775,299.89777,299.19775,298.99774,298.49774,298.29776,298.39777,298.49774,298.49774
