public/data/weather/current/current-temp-surface-level-gfs-1.0.json
{"header": {"discipline":0,"gribEdition":2,"gribLength":47909,"center":7,"subcenter":0,"refTime":"2020-08-05T00:00:00.000Z","significanceOfRT":1,"productStatus":0,"productType":2,"productDefinitionTemplate":0,"parameterCategory":0,"parameterNumber":0,"parameterUnit":"K","genProcessType":0,"forecastTime":0,"surface1Type":1,"surface1Value":0.0,"surface2Type":255,"surface2Value":0.0,"gridDefinitionTemplate":0,"numberPoints":65160,"shape":6,"gridUnits":"degrees","resolution":48,"scanMode":0,"nx":360,"ny":181,"basicAngle":0,"lo1":0.0,"la1":90.0,"lo2":359.0,"la2":-90.0,"dx":1.0,"dy":1.0}, "data":
[rows 78 to 103 of 181, columns 60 to 119 of 360]
299.09775,299.59775,299.99774,300.19775,300.49774,300.49774,300.59775,300.79776,301.09775,301.29776,301.19775,301.09775,300.99774,301.09775,301.09775,300.39777,292.79776,294.09775,296.09775,299.59775,301.99774,302.19775,301.99774,301.99774,302.09775,302.09775,302.09775,302.09775,302.19775,302.09775,301.99774,301.79776,301.69775,301.59775,301.89777,301.89777,301.89777,301.99774,302.09775,297.59775,302.49774,302.49774,302.59775,294.79776,296.09775,298.19775,297.09775,296.39777,294.29776,296.39777,302.29776,302.29776,302.49774,302.59775,302.59775,302.69775,302.59775,302.59775,302.49774,302.49774
299.49774,299.99774,300.19775,300.39777,300.69775,300.69775,300.69775,300.79776,300.99774,301.19775,301.19775,301.19775,301.19775,301.19775,301.09775,300.59775,297.09775,296.09775,299.29776,300.49774,301.69775,301.99774,301.89777,301.89777,301.89777,301.99774,301.99774,302.09775,302.09775,302.09775,301.99774,301.89777,301.69775,301.69775,301.89777,301.79776,301.69775,301.69775,301.89777,296.49774,302.29776,302.39777,302.49774,302.49774,296.79776,299.79776,299.79776,298.49774,297.89777,301.69775,302.39777,302.59775,302.69775,302.59775,302.59775,302.69775,302.59775,302.49774,302.49774,302.39777
299.99774,300.49774,300.59775,300.79776,300.99774,300.99774,300.89777,300.99774,301.09775,301.19775,301.19775,301.29776,301.39777,301.29776,301.09775,300.69775,299.99774,292.49774,299.29776,301.09775,301.69775,301.69775,301.79776,301.89777,301.79776,301.79776,301.79776,301.89777,301.99774,302.09775,302.09775,302.09775,301.99774,301.99774,301.99774,301.79776,301.59775,301.39777,301.39777,298.09775,302.19775,302.49774,302.49774,302.49774,302.39777,302.59775,299.39777,302.19775,302.09775,302.29776,302.39777,302.49774,302.59775,302.59775,302.59775,302.59775,302.79776,302.59775,302.49774,300.49774
300.39777,300.49774,300.69775,300.99774,301.29776,301.19775,301.19775,301.29776,301.39777,301.29776,301.29776,301.19775,301.19775,301.19775,301.09775,300.79776,299.99774,295.49774,300.19775,301.29776,300.79776,301.59775,301.89777,301.99774,301.79776,301.69775,301.69775,301.79776,301.89777,301.99774,302.09775,302.09775,302.09775,302.09775,301.99774,301.79776,301.39777,300.99774,300.49774,297.79776,300.69775,302.49774,302.49774,302.49774,302.49774,300.29776,302.29776,302.19775,302.19775,302.39777,302.29776,302.39777,302.49774,302.59775,302.59775,302.79776,302.89777,302.69775,298.29776,302.09775
300.39777,300.49774,300.69775,301.19775,301.39777,301.39777,301.49774,301.59775,301.49774,301.39777,301.39777,301.39777,301.29776,301.19775,301.19775,300.89777,300.39777,299.59775,299.79776,300.19775,298.09775,298.09775,302.09775,301.89777,301.69775,301.69775,301.79776,301.79776,301.79776,301.89777,301.89777,301.99774,302.09775,302.09775,301.99774,301.69775,301.29776,300.69775,299.79776,299.09775,298.99774,302.49774,302.59775,302.59775,302.49774,302.29776,302.19775,302.19775,302.19775,302.19775,302.29776,302.29776,302.39777,302.39777,302.49774,302.79776,302.89777,299.59775,302.19775,302.19775
300.39777,300.59775,300.99774,301.29776,301.59775,301.69775,301.69775,301.59775,301.59775,301.59775,301.59775,301.59775,301.49774,301.39777,301.29776,301.09775,300.79776,300.49774,300.09775,300.19775,296.29776,290.29776,301.69775,301.59775,301.49774,301.59775,301.79776,301.79776,301.79776,301.89777,301.89777,301.89777,302.09775,302.09775,301.89777,301.79776,301.59775,301.29776,301.09775,301.69775,297.19775,302.69775,302.79776,302.69775,302.39777,302.39777,302.29776,302.19775,302.29776,302.19775,302.29776,302.29776,302.19775,302.19775,302.39777,302.69775,302.99774,302.89777,302.29776,302.09775
300.59775,301.09775,301.39777,301.59775,301.79776,301.89777,301.79776,301.69775,301.79776,301.79776,301.89777,301.89777,301.79776,301.39777,301.29776,301.29776,300.99774,300.79776,300.69775,300.49774,300.39777,300.69775,301.19775,301.39777,301.49774,301.69775,301.89777,301.89777,301.89777,301.99774,301.89777,301.89777,301.99774,301.99774,301.99774,302.09775,302.19775,302.09775,302.09775,302.29776,302.79776,296.59775,298.09775,302.79776,302.29776,302.39777,302.39777,302.29776,302.29776,302.29776,302.39777,302.39777,302.29776,302.19775,302.29776,302.79776,303.09775,296.19775,296.69775,301.99774
301.09775,301.49774,301.69775,301.79776,301.89777,301.79776,301.79776,301.99774,302.09775,302.19775,302.29776,302.29776,302.19775,301.79776,301.59775,301.49774,301.29776,301.19775,301.09775,301.09775,300.99774,300.99774,301.19775,301.29776,301.49774,301.59775,301.79776,301.89777,301.89777,301.89777,301.69775,301.79776,301.89777,301.99774,301.89777,301.99774,292.09775,295.39777,302.39777,302.59775,302.89777,296.59775,297.59775,296.99774,302.19775,302.19775,302.29776,302.39777,302.49774,302.49774,302.49774,302.59775,302.49774,302.49774,302.59775,299.19775,294.19775,296.59775,296.09775,300.89777
301.19775,301.59775,301.89777,301.89777,301.99774,301.89777,301.99774,302.29776,302.39777,302.49774,302.49774,302.49774,302.49774,302.09775,301.89777,301.79776,301.59775,301.49774,301.29776,301.39777,301.29776,301.29776,301.39777,301.39777,301.49774,301.59775,301.69775,301.69775,301.79776,301.79776,301.79776,301.89777,301.89777,301.99774,301.89777,301.99774,302.09775,290.49774,294.39777,302.69775,302.79776,298.29776,296.69775,297.49774,302.09775,302.19775,302.29776,302.39777,302.39777,302.59775,302.49774,302.59775,302.59775,302.69775,295.59775,293.79776,291.59775,296.69775,302.39777,302.09775
301.19775,301.69775,301.99774,301.99774,301.99774,301.99774,302.19775,302.49774,302.49774,302.59775,302.59775,302.49774,302.49774,302.29776,302.09775,301.99774,301.89777,301.69775,301.59775,301.59775,301.59775,301.59775,301.59775,301.49774,301.49774,301.59775,301.69775,301.69775,301.79776,301.89777,301.89777,301.99774,301.99774,301.99774,301.99774,302.19775,302.19775,302.29776,294.19775,294.79776,302.69775,302.99774,296.89777,297.09775,302.09775,302.09775,302.29776,302.29776,302.49774,302.59775,302.59775,302.69775,302.79776,298.29776,294.59775,294.39777,292.69775,296.59775,302.19775,302.09775
301.39777,301.89777,302.19775,302.19775,301.99774,301.99774,302.29776,302.59775,302.59775,302.59775,302.59775,302.59775,302.59775,302.49774,302.39777,302.19775,302.09775,301.99774,301.89777,301.89777,301.79776,301.79776,301.79776,301.69775,301.59775,301.59775,301.69775,301.69775,301.89777,301.99774,301.99774,302.09775,302.19775,302.09775,302.09775,302.09775,302.19775,302.49774,302.59775,290.59775,296.09775,296.49774,302.89777,297.89777,298.89777,302.19775,302.19775,302.39777,302.39777,302.59775,302.89777,302.89777,296.79776,296.29776,293.89777,292.59775,292.69775,296.09775,302.29776,302.09775
301.39777,301.99774,302.29776,302.39777,302.19775,302.29776,302.39777,302.39777,302.49774,302.59775,302.69775,302.59775,302.69775,302.59775,302.49774,302.39777,302.29776,302.19775,302.09775,302.09775,302.09775,301.89777,301.79776,301.89777,301.79776,301.79776,301.79776,301.79776,301.89777,302.09775,302.19775,302.19775,302.19775,302.09775,302.09775,302.09775,302.19775,302.29776,302.49774,297.69775,295.19775,296.09775,296.79776,297.29776,300.59775,302.09775,301.79776,301.99774,302.19775,302.09775,295.19775,297.59775,296.59775,296.99774,292.99774,295.79776,292.39777,296.09775,298.09775,299.39777
301.79776,302.19775,302.49774,302.59775,302.59775,302.59775,302.59775,302.49774,302.59775,302.69775,302.69775,302.79776,302.69775,302.59775,302.59775,302.59775,302.49774,302.39777,302.29776,302.29776,302.29776,301.99774,301.89777,301.99774,302.09775,301.99774,301.89777,301.99774,301.99774,302.19775,302.39777,302.19775,302.09775,302.09775,302.09775,302.19775,302.19775,302.29776,302.39777,302.49774,295.59775,294.59775,295.99774,296.09775,302.49774,301.99774,301.59775,301.59775,301.89777,302.29776,296.89777,296.59775,296.99774,295.89777,296.59775,296.39777,296.99774,297.29776,301.69775,301.99774
301.99774,302.29776,302.49774,302.49774,302.59775,302.69775,302.69775,302.59775,302.59775,302.69775,302.69775,302.69775,302.59775,302.49774,302.49774,302.59775,302.49774,302.39777,302.29776,302.39777,302.29776,302.09775,301.99774,302.09775,302.09775,302.09775,301.99774,301.99774,302.09775,302.09775,302.29776,302.09775,301.99774,302.19775,302.29776,302.39777,302.39777,302.19775,302.19775,302.19775,302.59775,291.09775,295.39777,295.99774,298.89777,302.09775,301.69775,301.59775,301.59775,301.89777,296.69775,295.79776,296.99774,296.79776,298.59775,296.49774,296.59775,296.99774,301.49774,301.99774
301.39777,301.89777,302.19775,302.29776,302.49774,302.49774,302.49774,302.49774,302.49774,302.49774,302.49774,302.49774,302.29776,302.29776,302.29776,302.39777,302.29776,302.19775,302.19775,302.29776,302.19775,301.99774,301.99774,302.09775,301.99774,301.99774,301.99774,301.89777,301.99774,302.09775,302.09775,301.89777,301.69775,302.09775,302.29776,302.39777,302.19775,302.09775,302.09775,302.29776,302.49774,295.19775,294.29776,295.39777,296.19775,302.19775,299.39777,302.09775,301.69775,301.39777,301.39777,298.89777,296.59775,296.69775,299.29776,297.49774,298.79776,301.09775,301.59775,302.19775
300.99774,301.19775,301.49774,301.69775,301.89777,302.09775,302.09775,302.19775,302.29776,302.29776,302.29776,302.09775,302.09775,301.99774,302.09775,302.19775,302.19775,302.19775,302.29776,302.19775,302.09775,302.09775,301.99774,301.89777,301.99774,301.99774,301.99774,301.99774,301.99774,301.99774,301.89777,301.59775,301.59775,302.09775,302.29776,302.39777,302.09775,301.89777,301.89777,302.09775,302.09775,302.09775,291.59775,294.99774,295.79776,296.99774,300.09775,302.19775,299.39777,301.29776,300.99774,299.19775,299.49774,299.09775,299.79776,300.09775,299.99774,301.09775,301.29776,296.59775
300.49774,300.79776,300.79776,300.99774,301.09775,301.29776,301.49774,301.79776,301.99774,302.19775,302.09775,301.79776,301.69775,301.59775,301.79776,301.89777,301.89777,301.99774,302.19775,302.19775,302.09775,301.99774,301.79776,301.79776,302.09775,302.09775,301.99774,301.99774,301.99774,301.99774,301.89777,301.69775,301.69775,301.99774,301.99774,301.99774,301.89777,301.79776,301.69775,301.79776,301.99774,301.79776,301.79776,290.99774,295.09775,297.89777,301.29776,301.79776,301.69775,301.39777,300.99774,300.79776,300.79776,300.89777,300.99774,299.09775,300.99774,300.99774,301.49774,301.39777
299.99774,300.19775,300.39777,300.29776,300.59775,300.69775,300.89777,301.29776,301.69775,301.89777,301.79776,301.49774,301.29776,301.09775,301.19775,301.29776,301.39777,301.49774,301.69775,301.79776,301.79776,301.69775,301.69775,301.69775,301.89777,302.09775,301.99774,301.99774,301.99774,302.09775,302.09775,301.89777,301.59775,301.69775,301.79776,301.89777,301.89777,301.79776,301.89777,301.99774,301.89777,301.49774,301.49774,301.59775,292.59775,297.69775,301.79776,301.69775,301.69775,301.49774,300.79776,300.69775,300.79776,300.69775,300.69775,300.89777,300.69775,300.89777,301.39777,301.19775
299.79776,299.79776,299.99774,300.09775,300.19775,300.49774,300.59775,300.89777,301.29776,301.29776,301.09775,300.99774,300.49774,300.29776,300.29776,300.39777,300.59775,300.79776,300.79776,300.99774,301.49774,301.49774,301.39777,301.29776,301.49774,301.79776,301.89777,301.89777,301.89777,301.89777,301.69775,301.59775,301.39777,301.39777,301.59775,301.69775,301.59775,301.69775,301.79776,301.69775,301.59775,301.19775,300.89777,300.79776,301.29776,301.59775,300.99774,301.29776,301.59775,301.59775,300.59775,300.49774,300.99774,300.89777,300.69775,300.79776,300.89777,300.89777,300.69775,300.19775
299.79776,299.89777,300.19775,300.19775,300.39777,300.59775,300.69775,300.79776,300.89777,300.99774,300.89777,300.79776,299.99774,299.39777,299.49774,299.79776,300.09775,300.29776,300.39777,300.69775,301.19775,301.29776,301.29776,301.19775,301.29776,301.49774,301.69775,301.79776,301.79776,301.59775,301.49774,301.49774,301.19775,300.89777,301.09775,301.29776,301.39777,301.59775,301.49774,301.39777,301.29776,301.09775,300.79776,300.49774,300.79776,300.89777,299.99774,294.49774,294.19775,298.09775,298.39777,299.29776,298.89777,301.19775,301.99774,301.09775,301.09775,300.69775,300.39777,300.39777
299.99774,300.09775,300.39777,300.49774,300.49774,300.69775,300.69775,300.69775,300.59775,300.59775,300.59775,300.39777,299.69775,299.09775,299.29776,299.69775,299.89777,299.89777,300.09775,300.49774,300.89777,300.99774,300.89777,300.69775,300.59775,301.09775,301.39777,301.59775,301.59775,301.49774,301.29776,301.09775,300.99774,300.89777,301.09775,301.19775,301.09775,301.19775,301.29776,301.29776,301.19775,300.99774,300.69775,300.19775,299.99774,299.59775,299.19775,298.79776,298.69775,298.59775,298.19775,296.99774,296.89777,290.29776,294.59775,301.09775,301.09775,300.79776,300.89777,300.79776
299.99774,300.29776,300.49774,300.49774,300.49774,300.49774,300.39777,300.49774,300.49774,300.19775,299.89777,299.79776,299.49774,299.19775,299.39777,299.69775,299.79776,299.69775,299.89777,300.29776,300.49774,300.49774,300.29776,300.29776,300.39777,300.69775,300.99774,301.19775,301.49774,301.29776,300.89777,300.69775,300.79776,301.09775,301.29776,301.09775,300.69775,300.79776,301.09775,301.19775,301.09775,300.79776,300.49774,300.19775,299.79776,299.49774,299.19775,298.99774,298.99774,298.99774,298.69775,298.39777,298.19775,298.09775,298.19775,298.89777,299.69775,295.99774,299.19775,299.19775
299.99774,299.99774,300.09775,300.39777,300.39777,300.19775,300.09775,300.19775,299.99774,299.79776,299.49774,299.39777,299.49774,299.49774,299.59775,299.79776,299.69775,299.49774,299.59775,299.99774,300.09775,299.99774,299.79776,299.99774,300.19775,300.29776,300.49774,300.69775,300.99774,301.09775,300.79776,300.49774,300.49774,300.59775,300.99774,300.89777,300.59775,300.59775,300.79776,301.09775,301.09775,300.79776,300.39777,300.19775,300.09775,299.59775,299.29776,299.29776,299.29776,299.29776,299.09775,298.79776,298.49774,298.39777,298.69775,299.09775,298.99774,298.69775,298.59775,298.79776
299.59775,299.49774,299.89777,300.29776,300.19775,300.09775,299.89777,299.69775,299.69775,299.49774,299.49774,299.39777,299.49774,299.79776,299.79776,299.79776,299.59775,299.49774,299.69775,299.79776,299.79776,299.79776,299.59775,299.59775,299.59775,299.79776,299.99774,300.29776,300.59775,300.79776,300.69775,300.59775,300.39777,300.49774,300.69775,300.79776,300.59775,300.49774,300.59775,300.89777,300.99774,300.59775,299.99774,299.79776,299.89777,299.69775,299.49774,299.59775,299.59775,299.39777,299.29776,299.19775,299.09775,298.99774,299.19775,299.29776,299.29776,298.99774,298.79776,298.69775
299.29776,299.39777,299.49774,299.69775,299.79776,299.69775,299.59775,299.39777,299.39777,299.49774,299.49774,299.59775,299.59775,299.79776,299.79776,299.59775,299.49774,299.49774,299.49774,299.49774,299.39777,299.29776,299.19775,299.09775,299.09775,299.29776,299.29776,299.69775,299.99774,300.29776,300.49774,300.49774,300.29776,300.29776,300.39777,300.39777,300.39777,300.29776,300.39777,300.59775,300.59775,300.09775,299.79776,299.59775,299.69775,299.59775,299.49774,299.59775,299.39777,299.29776,299.49774,299.59775,299.59775,299.39777,299.19775,299.29776,299.39777,299.29776,299.09775,299.19775
298.99774,298.99774,299.09775,299.19775,299.19775,299.39777,299.49774,299.39777,299.29776,299.39777,299.59775,299.59775,299.69775,299.69775,299.59775,299.49774,299.39777,299.19775,298.99774,298.89777,298.79776,298.59775,298.69775,298.79776,298.99774,298.89777,298.89777,299.29776,299.59775,299.89777,300.09775,300.19775,299.99774,299.99774,300.09775,299.99774,299.89777,299.89777,300.19775,300.29776,300.09775,299.89777,299.69775,299.69775,299.69775,299.69775,299.59775,299.49774,299.29776,299.19775,299.59775,299.69775,299.79776,299.59775,299.29776,299.39777,299.49774,299.39777,299.19775,298.99774
